{
 "cells": [
  {
   "cell_type": "code",
   "execution_count": 14,
   "metadata": {
    "collapsed": true
   },
   "outputs": [],
   "source": [
    "import pandas as pd\n",
    "import numpy as np\n",
    "import matplotlib.pyplot as plt\n",
    "import seaborn as sns\n",
    "%matplotlib inline"
   ]
  },
  {
   "cell_type": "code",
   "execution_count": 15,
   "metadata": {
    "collapsed": true,
    "scrolled": false
   },
   "outputs": [],
   "source": [
    "def transform_features(df):\n",
    "    df.drop(['SERV_AREA_ID','ApptDate','har','DEPARTMENT_NAME',\n",
    "            'DEPARTMENT_ID','Smoker','Hispanic','Language','pat_id','DepSpecialty'],axis=1,inplace=True)\n",
    "    df = df[df.Status != 'Scheduled']\n",
    "    df = df[df.LeadDays > 0]\n",
    "    df = simplify_lead(df)\n",
    "    df = simplify_bmi(df)\n",
    "    df = simplify_ages(df)\n",
    "    df.Religion = df.Religion.fillna('Unknown')\n",
    "    df.Race = df.Race.fillna('Patient Declined')\n",
    "    df.Status = df.Status.map({'Completed':0,'No Show':1})\n",
    "    df.rename(columns={'Status':'NoShow'},inplace=True)\n",
    "    return df\n",
    "\n",
    "def simplify_lead(df):\n",
    "    \n",
    "    bins = (0,9,22,52,10000)\n",
    "    group_names = ['1_Quartile','2_Quartile','3_Quartile','4_Quartile']\n",
    "    categories = pd.cut(df.LeadDays,bins,labels=group_names)\n",
    "    df.LeadDays = categories\n",
    "    return df\n",
    "\n",
    "def simplify_bmi(df):\n",
    "    df.BMI = df.BMI.fillna(-1)\n",
    "    bins = (-10,0,23,28,35,10000)\n",
    "    group_names = ['Unknown','1_Quartile','2_Quartile','3_Quartile','4_Quartile']\n",
    "    categories = pd.cut(df.BMI,bins,labels=group_names)\n",
    "    df.BMI = categories\n",
    "    return df\n",
    "\n",
    "def simplify_ages(df):\n",
    "    df.Age = df.Age.fillna(-0.5)\n",
    "    bins = (-1, 0, 5, 12, 18, 25, 35, 60, 120)\n",
    "    group_names = ['Unknown', 'Baby', 'Child', 'Teenager', 'Student', 'Young Adult', 'Adult', 'Senior']\n",
    "    categories = pd.cut(df.Age, bins, labels=group_names)\n",
    "    df.Age = categories\n",
    "    return df\n",
    "\n",
    "df = pd.read_csv('FMtest.csv')\n",
    "df = transform_features(df)\n",
    "df = df[df['BMI'].notnull()]"
   ]
  },
  {
   "cell_type": "code",
   "execution_count": 16,
   "metadata": {
    "collapsed": true
   },
   "outputs": [],
   "source": [
    "def split_set(df):\n",
    "    msk = np.random.rand(len(df)) < 0.8\n",
    "    train = df[msk]\n",
    "    test = df[~msk]\n",
    "    return train, test\n",
    "    \n",
    "#train, test = split_set(df)"
   ]
  },
  {
   "cell_type": "code",
   "execution_count": 17,
   "metadata": {
    "collapsed": true,
    "scrolled": true
   },
   "outputs": [],
   "source": [
    "from sklearn import preprocessing\n",
    "def encode_features(_df):#df_train, df_test):\n",
    "    features = ['DayOfWeek','LeadDays','Age','Race',\n",
    "                'Religion','BMI']\n",
    "    #df_combined = pd.concat([df_train[features], df_test[features]])\n",
    "    \n",
    "    for feature in features:\n",
    "        le = preprocessing.LabelEncoder()\n",
    "        #le = le.fit(df_combined[feature])\n",
    "        le = le.fit(_df[feature])\n",
    "        _df[feature] = le.transform(_df[feature])\n",
    "        #df_test[feature] = le.transform(df_test[feature])\n",
    "    return _df\n",
    "\n",
    "#train, test = encode_features(train, test)\n",
    "df = encode_features(df)"
   ]
  },
  {
   "cell_type": "code",
   "execution_count": 18,
   "metadata": {},
   "outputs": [
    {
     "data": {
      "text/html": [
       "<div>\n",
       "<style>\n",
       "    .dataframe thead tr:only-child th {\n",
       "        text-align: right;\n",
       "    }\n",
       "\n",
       "    .dataframe thead th {\n",
       "        text-align: left;\n",
       "    }\n",
       "\n",
       "    .dataframe tbody tr th {\n",
       "        vertical-align: top;\n",
       "    }\n",
       "</style>\n",
       "<table border=\"1\" class=\"dataframe\">\n",
       "  <thead>\n",
       "    <tr style=\"text-align: right;\">\n",
       "      <th></th>\n",
       "      <th>NoShowCount</th>\n",
       "      <th>NoShow</th>\n",
       "      <th>ApptHour</th>\n",
       "      <th>DayOfWeek</th>\n",
       "      <th>ApptMonth</th>\n",
       "      <th>PCP</th>\n",
       "      <th>Referral</th>\n",
       "      <th>LeadDays</th>\n",
       "      <th>csn</th>\n",
       "      <th>ApptChanged</th>\n",
       "      <th>isReschedule</th>\n",
       "      <th>Age</th>\n",
       "      <th>Sex</th>\n",
       "      <th>Race</th>\n",
       "      <th>Married</th>\n",
       "      <th>Religion</th>\n",
       "      <th>BMI</th>\n",
       "    </tr>\n",
       "  </thead>\n",
       "  <tbody>\n",
       "    <tr>\n",
       "      <th>NoShowCount</th>\n",
       "      <td>1.000000</td>\n",
       "      <td>0.230989</td>\n",
       "      <td>0.044971</td>\n",
       "      <td>0.000644</td>\n",
       "      <td>0.008417</td>\n",
       "      <td>-0.087891</td>\n",
       "      <td>-0.074372</td>\n",
       "      <td>-0.057041</td>\n",
       "      <td>0.039520</td>\n",
       "      <td>-0.075838</td>\n",
       "      <td>-0.007841</td>\n",
       "      <td>-0.001983</td>\n",
       "      <td>0.012453</td>\n",
       "      <td>-0.079797</td>\n",
       "      <td>-0.074343</td>\n",
       "      <td>0.015911</td>\n",
       "      <td>0.239254</td>\n",
       "    </tr>\n",
       "    <tr>\n",
       "      <th>NoShow</th>\n",
       "      <td>0.230989</td>\n",
       "      <td>1.000000</td>\n",
       "      <td>-0.000263</td>\n",
       "      <td>0.015064</td>\n",
       "      <td>0.016606</td>\n",
       "      <td>-0.156878</td>\n",
       "      <td>-0.061784</td>\n",
       "      <td>0.095194</td>\n",
       "      <td>-0.048909</td>\n",
       "      <td>-0.249493</td>\n",
       "      <td>-0.026161</td>\n",
       "      <td>0.020150</td>\n",
       "      <td>0.031705</td>\n",
       "      <td>-0.051340</td>\n",
       "      <td>-0.062497</td>\n",
       "      <td>0.032825</td>\n",
       "      <td>0.226222</td>\n",
       "    </tr>\n",
       "    <tr>\n",
       "      <th>ApptHour</th>\n",
       "      <td>0.044971</td>\n",
       "      <td>-0.000263</td>\n",
       "      <td>1.000000</td>\n",
       "      <td>-0.039154</td>\n",
       "      <td>0.007867</td>\n",
       "      <td>0.029340</td>\n",
       "      <td>-0.026733</td>\n",
       "      <td>-0.001998</td>\n",
       "      <td>0.020296</td>\n",
       "      <td>-0.126292</td>\n",
       "      <td>0.038171</td>\n",
       "      <td>0.008181</td>\n",
       "      <td>0.015263</td>\n",
       "      <td>0.056947</td>\n",
       "      <td>0.002907</td>\n",
       "      <td>0.025686</td>\n",
       "      <td>0.006929</td>\n",
       "    </tr>\n",
       "    <tr>\n",
       "      <th>DayOfWeek</th>\n",
       "      <td>0.000644</td>\n",
       "      <td>0.015064</td>\n",
       "      <td>-0.039154</td>\n",
       "      <td>1.000000</td>\n",
       "      <td>-0.021283</td>\n",
       "      <td>0.007158</td>\n",
       "      <td>0.003432</td>\n",
       "      <td>-0.004223</td>\n",
       "      <td>0.016738</td>\n",
       "      <td>0.001156</td>\n",
       "      <td>-0.009283</td>\n",
       "      <td>-0.002651</td>\n",
       "      <td>-0.002051</td>\n",
       "      <td>0.001330</td>\n",
       "      <td>-0.007460</td>\n",
       "      <td>-0.016200</td>\n",
       "      <td>-0.003812</td>\n",
       "    </tr>\n",
       "    <tr>\n",
       "      <th>ApptMonth</th>\n",
       "      <td>0.008417</td>\n",
       "      <td>0.016606</td>\n",
       "      <td>0.007867</td>\n",
       "      <td>-0.021283</td>\n",
       "      <td>1.000000</td>\n",
       "      <td>-0.068405</td>\n",
       "      <td>-0.043439</td>\n",
       "      <td>0.006903</td>\n",
       "      <td>-0.318720</td>\n",
       "      <td>-0.013854</td>\n",
       "      <td>0.009306</td>\n",
       "      <td>-0.006089</td>\n",
       "      <td>-0.013234</td>\n",
       "      <td>0.005299</td>\n",
       "      <td>0.006922</td>\n",
       "      <td>0.006780</td>\n",
       "      <td>0.013579</td>\n",
       "    </tr>\n",
       "    <tr>\n",
       "      <th>PCP</th>\n",
       "      <td>-0.087891</td>\n",
       "      <td>-0.156878</td>\n",
       "      <td>0.029340</td>\n",
       "      <td>0.007158</td>\n",
       "      <td>-0.068405</td>\n",
       "      <td>1.000000</td>\n",
       "      <td>-0.062269</td>\n",
       "      <td>-0.155121</td>\n",
       "      <td>0.136292</td>\n",
       "      <td>-0.179472</td>\n",
       "      <td>-0.011406</td>\n",
       "      <td>0.012420</td>\n",
       "      <td>-0.028803</td>\n",
       "      <td>0.029955</td>\n",
       "      <td>0.022158</td>\n",
       "      <td>0.005559</td>\n",
       "      <td>-0.038864</td>\n",
       "    </tr>\n",
       "    <tr>\n",
       "      <th>Referral</th>\n",
       "      <td>-0.074372</td>\n",
       "      <td>-0.061784</td>\n",
       "      <td>-0.026733</td>\n",
       "      <td>0.003432</td>\n",
       "      <td>-0.043439</td>\n",
       "      <td>-0.062269</td>\n",
       "      <td>1.000000</td>\n",
       "      <td>0.099033</td>\n",
       "      <td>0.073582</td>\n",
       "      <td>0.187598</td>\n",
       "      <td>0.047509</td>\n",
       "      <td>-0.027834</td>\n",
       "      <td>-0.006389</td>\n",
       "      <td>-0.000968</td>\n",
       "      <td>0.016773</td>\n",
       "      <td>-0.033937</td>\n",
       "      <td>-0.024577</td>\n",
       "    </tr>\n",
       "    <tr>\n",
       "      <th>LeadDays</th>\n",
       "      <td>-0.057041</td>\n",
       "      <td>0.095194</td>\n",
       "      <td>-0.001998</td>\n",
       "      <td>-0.004223</td>\n",
       "      <td>0.006903</td>\n",
       "      <td>-0.155121</td>\n",
       "      <td>0.099033</td>\n",
       "      <td>1.000000</td>\n",
       "      <td>-0.453537</td>\n",
       "      <td>0.078448</td>\n",
       "      <td>-0.023932</td>\n",
       "      <td>-0.068488</td>\n",
       "      <td>0.028857</td>\n",
       "      <td>-0.032660</td>\n",
       "      <td>-0.006976</td>\n",
       "      <td>-0.044392</td>\n",
       "      <td>0.015997</td>\n",
       "    </tr>\n",
       "    <tr>\n",
       "      <th>csn</th>\n",
       "      <td>0.039520</td>\n",
       "      <td>-0.048909</td>\n",
       "      <td>0.020296</td>\n",
       "      <td>0.016738</td>\n",
       "      <td>-0.318720</td>\n",
       "      <td>0.136292</td>\n",
       "      <td>0.073582</td>\n",
       "      <td>-0.453537</td>\n",
       "      <td>1.000000</td>\n",
       "      <td>0.045327</td>\n",
       "      <td>0.068780</td>\n",
       "      <td>0.044775</td>\n",
       "      <td>-0.013804</td>\n",
       "      <td>0.013332</td>\n",
       "      <td>0.001191</td>\n",
       "      <td>0.039162</td>\n",
       "      <td>-0.002109</td>\n",
       "    </tr>\n",
       "    <tr>\n",
       "      <th>ApptChanged</th>\n",
       "      <td>-0.075838</td>\n",
       "      <td>-0.249493</td>\n",
       "      <td>-0.126292</td>\n",
       "      <td>0.001156</td>\n",
       "      <td>-0.013854</td>\n",
       "      <td>-0.179472</td>\n",
       "      <td>0.187598</td>\n",
       "      <td>0.078448</td>\n",
       "      <td>0.045327</td>\n",
       "      <td>1.000000</td>\n",
       "      <td>0.005738</td>\n",
       "      <td>-0.026777</td>\n",
       "      <td>-0.020800</td>\n",
       "      <td>-0.035571</td>\n",
       "      <td>0.001141</td>\n",
       "      <td>-0.039405</td>\n",
       "      <td>-0.057734</td>\n",
       "    </tr>\n",
       "    <tr>\n",
       "      <th>isReschedule</th>\n",
       "      <td>-0.007841</td>\n",
       "      <td>-0.026161</td>\n",
       "      <td>0.038171</td>\n",
       "      <td>-0.009283</td>\n",
       "      <td>0.009306</td>\n",
       "      <td>-0.011406</td>\n",
       "      <td>0.047509</td>\n",
       "      <td>-0.023932</td>\n",
       "      <td>0.068780</td>\n",
       "      <td>0.005738</td>\n",
       "      <td>1.000000</td>\n",
       "      <td>-0.024698</td>\n",
       "      <td>-0.000596</td>\n",
       "      <td>-0.003011</td>\n",
       "      <td>0.000786</td>\n",
       "      <td>-0.003360</td>\n",
       "      <td>-0.005391</td>\n",
       "    </tr>\n",
       "    <tr>\n",
       "      <th>Age</th>\n",
       "      <td>-0.001983</td>\n",
       "      <td>0.020150</td>\n",
       "      <td>0.008181</td>\n",
       "      <td>-0.002651</td>\n",
       "      <td>-0.006089</td>\n",
       "      <td>0.012420</td>\n",
       "      <td>-0.027834</td>\n",
       "      <td>-0.068488</td>\n",
       "      <td>0.044775</td>\n",
       "      <td>-0.026777</td>\n",
       "      <td>-0.024698</td>\n",
       "      <td>1.000000</td>\n",
       "      <td>-0.043908</td>\n",
       "      <td>-0.002277</td>\n",
       "      <td>-0.101125</td>\n",
       "      <td>0.038150</td>\n",
       "      <td>-0.062825</td>\n",
       "    </tr>\n",
       "    <tr>\n",
       "      <th>Sex</th>\n",
       "      <td>0.012453</td>\n",
       "      <td>0.031705</td>\n",
       "      <td>0.015263</td>\n",
       "      <td>-0.002051</td>\n",
       "      <td>-0.013234</td>\n",
       "      <td>-0.028803</td>\n",
       "      <td>-0.006389</td>\n",
       "      <td>0.028857</td>\n",
       "      <td>-0.013804</td>\n",
       "      <td>-0.020800</td>\n",
       "      <td>-0.000596</td>\n",
       "      <td>-0.043908</td>\n",
       "      <td>1.000000</td>\n",
       "      <td>0.082807</td>\n",
       "      <td>0.088137</td>\n",
       "      <td>0.058708</td>\n",
       "      <td>-0.131443</td>\n",
       "    </tr>\n",
       "    <tr>\n",
       "      <th>Race</th>\n",
       "      <td>-0.079797</td>\n",
       "      <td>-0.051340</td>\n",
       "      <td>0.056947</td>\n",
       "      <td>0.001330</td>\n",
       "      <td>0.005299</td>\n",
       "      <td>0.029955</td>\n",
       "      <td>-0.000968</td>\n",
       "      <td>-0.032660</td>\n",
       "      <td>0.013332</td>\n",
       "      <td>-0.035571</td>\n",
       "      <td>-0.003011</td>\n",
       "      <td>-0.002277</td>\n",
       "      <td>0.082807</td>\n",
       "      <td>1.000000</td>\n",
       "      <td>0.143819</td>\n",
       "      <td>0.222472</td>\n",
       "      <td>-0.079209</td>\n",
       "    </tr>\n",
       "    <tr>\n",
       "      <th>Married</th>\n",
       "      <td>-0.074343</td>\n",
       "      <td>-0.062497</td>\n",
       "      <td>0.002907</td>\n",
       "      <td>-0.007460</td>\n",
       "      <td>0.006922</td>\n",
       "      <td>0.022158</td>\n",
       "      <td>0.016773</td>\n",
       "      <td>-0.006976</td>\n",
       "      <td>0.001191</td>\n",
       "      <td>0.001141</td>\n",
       "      <td>0.000786</td>\n",
       "      <td>-0.101125</td>\n",
       "      <td>0.088137</td>\n",
       "      <td>0.143819</td>\n",
       "      <td>1.000000</td>\n",
       "      <td>0.031908</td>\n",
       "      <td>0.011589</td>\n",
       "    </tr>\n",
       "    <tr>\n",
       "      <th>Religion</th>\n",
       "      <td>0.015911</td>\n",
       "      <td>0.032825</td>\n",
       "      <td>0.025686</td>\n",
       "      <td>-0.016200</td>\n",
       "      <td>0.006780</td>\n",
       "      <td>0.005559</td>\n",
       "      <td>-0.033937</td>\n",
       "      <td>-0.044392</td>\n",
       "      <td>0.039162</td>\n",
       "      <td>-0.039405</td>\n",
       "      <td>-0.003360</td>\n",
       "      <td>0.038150</td>\n",
       "      <td>0.058708</td>\n",
       "      <td>0.222472</td>\n",
       "      <td>0.031908</td>\n",
       "      <td>1.000000</td>\n",
       "      <td>-0.010788</td>\n",
       "    </tr>\n",
       "    <tr>\n",
       "      <th>BMI</th>\n",
       "      <td>0.239254</td>\n",
       "      <td>0.226222</td>\n",
       "      <td>0.006929</td>\n",
       "      <td>-0.003812</td>\n",
       "      <td>0.013579</td>\n",
       "      <td>-0.038864</td>\n",
       "      <td>-0.024577</td>\n",
       "      <td>0.015997</td>\n",
       "      <td>-0.002109</td>\n",
       "      <td>-0.057734</td>\n",
       "      <td>-0.005391</td>\n",
       "      <td>-0.062825</td>\n",
       "      <td>-0.131443</td>\n",
       "      <td>-0.079209</td>\n",
       "      <td>0.011589</td>\n",
       "      <td>-0.010788</td>\n",
       "      <td>1.000000</td>\n",
       "    </tr>\n",
       "  </tbody>\n",
       "</table>\n",
       "</div>"
      ],
      "text/plain": [
       "              NoShowCount    NoShow  ApptHour  DayOfWeek  ApptMonth       PCP  \\\n",
       "NoShowCount      1.000000  0.230989  0.044971   0.000644   0.008417 -0.087891   \n",
       "NoShow           0.230989  1.000000 -0.000263   0.015064   0.016606 -0.156878   \n",
       "ApptHour         0.044971 -0.000263  1.000000  -0.039154   0.007867  0.029340   \n",
       "DayOfWeek        0.000644  0.015064 -0.039154   1.000000  -0.021283  0.007158   \n",
       "ApptMonth        0.008417  0.016606  0.007867  -0.021283   1.000000 -0.068405   \n",
       "PCP             -0.087891 -0.156878  0.029340   0.007158  -0.068405  1.000000   \n",
       "Referral        -0.074372 -0.061784 -0.026733   0.003432  -0.043439 -0.062269   \n",
       "LeadDays        -0.057041  0.095194 -0.001998  -0.004223   0.006903 -0.155121   \n",
       "csn              0.039520 -0.048909  0.020296   0.016738  -0.318720  0.136292   \n",
       "ApptChanged     -0.075838 -0.249493 -0.126292   0.001156  -0.013854 -0.179472   \n",
       "isReschedule    -0.007841 -0.026161  0.038171  -0.009283   0.009306 -0.011406   \n",
       "Age             -0.001983  0.020150  0.008181  -0.002651  -0.006089  0.012420   \n",
       "Sex              0.012453  0.031705  0.015263  -0.002051  -0.013234 -0.028803   \n",
       "Race            -0.079797 -0.051340  0.056947   0.001330   0.005299  0.029955   \n",
       "Married         -0.074343 -0.062497  0.002907  -0.007460   0.006922  0.022158   \n",
       "Religion         0.015911  0.032825  0.025686  -0.016200   0.006780  0.005559   \n",
       "BMI              0.239254  0.226222  0.006929  -0.003812   0.013579 -0.038864   \n",
       "\n",
       "              Referral  LeadDays       csn  ApptChanged  isReschedule  \\\n",
       "NoShowCount  -0.074372 -0.057041  0.039520    -0.075838     -0.007841   \n",
       "NoShow       -0.061784  0.095194 -0.048909    -0.249493     -0.026161   \n",
       "ApptHour     -0.026733 -0.001998  0.020296    -0.126292      0.038171   \n",
       "DayOfWeek     0.003432 -0.004223  0.016738     0.001156     -0.009283   \n",
       "ApptMonth    -0.043439  0.006903 -0.318720    -0.013854      0.009306   \n",
       "PCP          -0.062269 -0.155121  0.136292    -0.179472     -0.011406   \n",
       "Referral      1.000000  0.099033  0.073582     0.187598      0.047509   \n",
       "LeadDays      0.099033  1.000000 -0.453537     0.078448     -0.023932   \n",
       "csn           0.073582 -0.453537  1.000000     0.045327      0.068780   \n",
       "ApptChanged   0.187598  0.078448  0.045327     1.000000      0.005738   \n",
       "isReschedule  0.047509 -0.023932  0.068780     0.005738      1.000000   \n",
       "Age          -0.027834 -0.068488  0.044775    -0.026777     -0.024698   \n",
       "Sex          -0.006389  0.028857 -0.013804    -0.020800     -0.000596   \n",
       "Race         -0.000968 -0.032660  0.013332    -0.035571     -0.003011   \n",
       "Married       0.016773 -0.006976  0.001191     0.001141      0.000786   \n",
       "Religion     -0.033937 -0.044392  0.039162    -0.039405     -0.003360   \n",
       "BMI          -0.024577  0.015997 -0.002109    -0.057734     -0.005391   \n",
       "\n",
       "                   Age       Sex      Race   Married  Religion       BMI  \n",
       "NoShowCount  -0.001983  0.012453 -0.079797 -0.074343  0.015911  0.239254  \n",
       "NoShow        0.020150  0.031705 -0.051340 -0.062497  0.032825  0.226222  \n",
       "ApptHour      0.008181  0.015263  0.056947  0.002907  0.025686  0.006929  \n",
       "DayOfWeek    -0.002651 -0.002051  0.001330 -0.007460 -0.016200 -0.003812  \n",
       "ApptMonth    -0.006089 -0.013234  0.005299  0.006922  0.006780  0.013579  \n",
       "PCP           0.012420 -0.028803  0.029955  0.022158  0.005559 -0.038864  \n",
       "Referral     -0.027834 -0.006389 -0.000968  0.016773 -0.033937 -0.024577  \n",
       "LeadDays     -0.068488  0.028857 -0.032660 -0.006976 -0.044392  0.015997  \n",
       "csn           0.044775 -0.013804  0.013332  0.001191  0.039162 -0.002109  \n",
       "ApptChanged  -0.026777 -0.020800 -0.035571  0.001141 -0.039405 -0.057734  \n",
       "isReschedule -0.024698 -0.000596 -0.003011  0.000786 -0.003360 -0.005391  \n",
       "Age           1.000000 -0.043908 -0.002277 -0.101125  0.038150 -0.062825  \n",
       "Sex          -0.043908  1.000000  0.082807  0.088137  0.058708 -0.131443  \n",
       "Race         -0.002277  0.082807  1.000000  0.143819  0.222472 -0.079209  \n",
       "Married      -0.101125  0.088137  0.143819  1.000000  0.031908  0.011589  \n",
       "Religion      0.038150  0.058708  0.222472  0.031908  1.000000 -0.010788  \n",
       "BMI          -0.062825 -0.131443 -0.079209  0.011589 -0.010788  1.000000  "
      ]
     },
     "execution_count": 18,
     "metadata": {},
     "output_type": "execute_result"
    }
   ],
   "source": [
    "df.corr()"
   ]
  },
  {
   "cell_type": "code",
   "execution_count": 19,
   "metadata": {
    "scrolled": true
   },
   "outputs": [
    {
     "data": {
      "text/plain": [
       "<matplotlib.axes._subplots.AxesSubplot at 0x22a14c4c4e0>"
      ]
     },
     "execution_count": 19,
     "metadata": {},
     "output_type": "execute_result"
    },
    {
     "data": {
      "image/png": "iVBORw0KGgoAAAANSUhEUgAAAYUAAAEFCAYAAAAMk/uQAAAABHNCSVQICAgIfAhkiAAAAAlwSFlz\nAAALEgAACxIB0t1+/AAAGA1JREFUeJzt3X+0XWV95/H3/REIIQkG1q1DRBRb+ApWghgxsajpWBCy\nQCK0aoMgCZGhdqgMlkpp/TEuYCwDWFQYCRBDBV1i+TGCkCYzUZDEMCLtIgr5MunQClWZyEQSCPl9\n5499sj253nvPSXL2Pbkn79daWbl77/Oc/T0bcj73efbez+7q7+9HkiSA7nYXIEnaexgKkqSSoSBJ\nKhkKkqSSoSBJKvW2u4A9tWbNei+fkqRd1Nc3oWuw9fYUJEklQ0GSVKps+CgiuoEbgSnAJmBeZq6u\n234WcBnQD9yRmdfX1j8OrKu97JnMnFNVjZKknVV5TmEWMDYzp0fENOBa4AyAiOgBPg9MBV4CnoyI\nO2o/d2XmjArrkiQNocpQOBFYBJCZKyJi6o4NmbktIo7OzK0R8VtAD7CZolcxLiIW12q7PDNXDLeT\nSZPG0dvbU9mHkKR9SZWhMBF4sW55W0T0ZuZWgFognAncAHwHeBnYAFwD3AIcCTwYEbGjzWDWrt1Q\nVf2S1LH6+iYMur7KE83rgPq9dg/8cs/Mu4HXAPsB5wJPA7dnZn9mPg28ABxaYY2SpDpVhsIyYCZA\n7ZzCyh0bImJiRDwUEftn5naKXsJ2YC7FuQciYjJFb+PnFdYoSarTVdXU2XVXHx0LdAFzgOOB8Zk5\nPyIuAM4HtgBPABdRnFtYCBxOcVXSJzNz+XD78eY1Sdp1Q928VlkojBRDQdp9CxbMZ/HiBzj55JnM\nnXtBu8vRCPKOZkk72bjxFZYseRCAJUsWsXHjK22uSHsDQ0HaR23ZsoUdIwX9/dvZsmVLmyvS3sBQ\nkCSVDAVJUslQkCSVDAVJUslQkCSVRv2T16TR7Ief+LO27fuVbdt2Wv7HT/0lB/S0b3LJt137xbbt\nW79mT0GSVDIUJKlFFiyYz4c+NIsFC+a3u5TdZihIUgt0yh3ihoIktUCn3CFuKEiSSoaCJKlkKEj7\nqJ6uX8+c3DVgWfsu71OQ9lH7dXdz3IHj+aeXX2LKgePZr3t0/454898uauv+t2zZuNPy176ylDFj\nxrallo9efMputzUUpH3Ye151MO951cHtLkN7kdH9q4H2OZ1wHbi0NzMUNGp0ynXg0t7MUNCo0SnX\ngUt7M0NBklQyFCSpBbq662eY7RqwPHpUdvVRRHQDNwJTgE3AvMxcXbf9LOAyoB+4IzOvb9RGkvZW\nvT1jOOzVb+K553/CYa8+ht6eMe0uabdUeUnqLGBsZk6PiGnAtcAZABHRA3wemAq8BDwZEXcA7xqq\njSTt7eKIdxJHvLPdZeyRKoePTgQWAWTmCooAoLa8DTg6M18EDgF6gM3DtZEkVa/KnsJE4MW65W0R\n0ZuZWwEyc2tEnAncAHwHeLlRm8FMmjSO3t7ROXY3Gp331Y+3bd/bNu38v8FnFl9Fz/7tu/9y4Zzr\n27bvTtTXN6HdJXSMPTmWVf6LWgfUV9Y98Ms9M++OiHuBhcC5zbQZaO3aDa2pVtpFa9asb3cJHcXj\n2TrNHMuhgqPK4aNlwEyA2vmBlTs2RMTEiHgoIvbPzO0UvYTtw7WRJFWvyp7CPcBJEbGcYhLGOREx\nGxifmfNrJ5YfjogtwBPA7RRXIu3UpsL6JEkDVBYKtR7AhQNWr6rbPh8YbAKbgW0kSSPEm9ckSSVD\nQaNGV3fdQ2C6BixLaglDQaNG95gexh9VzP0//siD6R7jpchSq/mQHY0qk06YzKQTJre7DKlj2VOQ\nJJUMBUlSyVCQJJUMBUlSyVCQJJUMBUlSyVCQJJUMBUlSyVCQJJUMBUlSyVCQJJUMBUlSyVCQJJUM\nBUlSyVCQJJUMBUlSyVCQJJUMBUlSqbLHcUZEN3AjMAXYBMzLzNV12/8YuBjYCqwEPpaZ2yPicWBd\n7WXPZOacqmqUJO2symc0zwLGZub0iJgGXAucARARBwBXAG/OzA0R8Q3gtIhYDHRl5owK65IkDaHK\n4aMTgUUAmbkCmFq3bRPwjszcUFvuBTZS9CrGRcTiiFhaCxNJ0gipsqcwEXixbnlbRPRm5tbM3A48\nDxARFwHjgSXA7wLXALcARwIPRkRk5tahdjJp0jh6e3uq+gzSkPr6JrS7hI7i8WydPTmWVYbCOqC+\nsu76L/faOYergaOAszKzPyKeBlZnZj/wdES8ABwKPDvUTtau3TDUJqlSa9asb3cJHcXj2TrNHMuh\ngqPK4aNlwEyA2jDQygHbbwLGArPqhpHmUpx7ICImU/Q2fl5hjZKkOlX2FO4BToqI5UAXMCciZlMM\nFT0GnA98H1gaEQDXA7cCCyPiEaAfmDvc0JEkqbUqC4XaeYMLB6xeVffzUL2U2dVUJElqxJvXJEkl\nQ0GSVGp6+CgiDgJ+G9hOcafxiw2aSJJGmYahEBGnAp8EjgGeA7YAr42Ip4BrMvPBakuUJI2UYUMh\nIhYCvwD+NDN/MmDbm4DzI+LszPxwdSVKkkZKo57CX2Xmvw22oRYSl0TEYa0vS5LUDsOGwo5AiIjv\nAPcB92fmcwNe89xgbSVJo0+zJ5o/B5wK3BURY4AHgPsy89HKKpMkjbimLknNzEcz87PAacDNwHkU\ndyNLkjpIUz2FiLiBYirsbcBDwMdqf0uSOkizN6+9imL+ogSeAlZ5n4IkdZ5mh4/OzsxjKc4t7Afc\nHxGDXpUkSRq9mh0+CuA9wB8AxwGPAt+psC5JUhs0e/XRt4D7KZ518IPaDKiSpA7T7PDRscAjwPuB\n6yLifZVWJUlqi6ZCISIuBT4D/BR4BvjriLi8ysIkSSOv2eGjc4C3Z+YrABFxM/Aj4KqqCpMkjbxm\nL0nt3hEINRsBH5MpSR2m2Z7C/4yIu4CFteWPAEsrqUiS1DbNhsLFwJ8A51L0LpYCN1VVlCSpPZoK\nhczsj4jbKGZK7aqtnkxx4lmS1CGavXntM8ClwBqgnyIY+oE3VFeaJGmkNTt8dB7wusx8ocJaOtaC\nBfNZvPgBTj55JnPnXtDuciRpSM2Gws+AXZoALyK6gRuBKcAmYF5mrq7b/scU5yq2AispZl5luDaj\n0caNr7BkSfEY6yVLFjF79jmMHXtAm6uSpME1ekbzp2s//gr4QUQ8SN2lqJn5uWGazwLGZub0iJhG\nMUXGGbX3PQC4AnhzZm6IiG9QPKuhd6g2o9WWLVvo7+8HoL9/O1u2bDEUJO21GvUUdpxU/l+DrGvk\nRGARQGauiIipdds2Ae/IzA11dWwEThmmzaAmTRpHb29PkyWNvP3223maqEMOGc9BB01oUzVqpb4+\n/zu2ksezdfbkWDZ6RvN/HrguIg4B/l9m9jd474nsPOS0LSJ6M3NrbUK952vvdxEwHlgCfGCoNkPt\nZO3aDUNt2iusX//STssvvPASmzc3e8+g9mZr1qxvdwkdxePZOs0cy6GCo9HwUR/w34AvUzxp7S7g\nvcAvIuK0zHxqmObrgPq9dtd/udfOOVwNHAWcVbvsddg2kqRqNRo++hLwWO3PB4DjgUOB3wG+CJw0\nTNtlwOnAnbXzAysHbL+JYhhpVt1U3I3a7LKP/9dv7+lb7JHtWzfutHz5lxfR3Tu2LbVcf6mT20oa\nXqNQOCYzPwQQEacCd2bmOuDxiJjcoO09wEkRsZziPMSciJhNMVT0GHA+8H1gafEMH64frM3ufSxJ\n0u5oFAr15w3+PTCvbnnccA1rv/1fOGD1qrqfhxpYH9hGkjRCGoXCv0bEBykCYBzwPYCI+DDwk2pL\nkySNtEah8KcUY///Djg7MzdHxHXA+4BTqy5OkjSyGl2S+iwwc8DqzwF/7nOam9RVfw9F14BlSdq7\nNPs4zr6IuDMiXgD+Bfj7iHh1pZV1iO6eMRzQdzQAB/S9ke6eMW2uSJKG1uzcRzcByylONHcDFwC3\nUkxNoQYmHj6diYdPb3cZktRQs6Hwhsw8s2756og4p4qCJEnt0+x8C/0R8dodCxFxOLClmpIkSe3S\nbE/hUxSzpD5KcVPZ2ymGkCRJHaTZx3HeHxFvAU6g6F1cmJn/t9LKJEkjrtGEeOcOsemUiCAz/66C\nmiRJbdKop/D7g6wbA/whsB4wFCSpgzS6eW2nCeki4nhgIfAgzlEkSR2nqXMKEdELfJZiZtNLMvMb\nVRYlSWqPhqFQO8F8G7AaOC4zn6+8KklSWzQ60XwF8HHgKuAOYP/aPQoAZOZPqy1PkjSSGvUUzgZ+\nSXFPwkcp7lHYoR94Q0V1SZLaoNGJ5iNGqhBJUvsNO81FRPyXiDhomO0HR8TftL4sSVI7NBo+uhP4\n7xHxM+Bh4DlgK/A6isdzTgYurrRCSdKIaTR89I/AjIj4fYqnrZ0GbAf+GbgpM5dWX6IkaaQ0O/fR\nd4HvVlyLJKnNmr157b3AFcDB1F2BlJlefSRJHaTZqbO/BFwC/JjiUtSGIqIbuBGYAmwC5mXm6gGv\nGQcsAc7PzFW1dY8D62oveWbgVBuSpOo0Gwq/zMz7d/G9ZwFjM3N6REwDrgXO2LExIqYCXwEOq1s3\nFujKzBm7uC9JUgs0Gwrfj4jrgEXAxh0rM/PhYdqcWHs9mbmiFgL19gfeD3ytbt0UYFxELK7Vdnlm\nrmiyRknSHmo2FE6o/f2WunX9FJelDmUi8GLd8raI6M3MrQCZuQwgIurbbACuAW4BjgQejIjY0WYw\nkyaNo7e3p8mPsW/r65vQ7hI6iseztTyerbMnx7LZq48Ge65CI+uA+sq6h/tyr3kaWJ2Z/cDTEfEC\ncCjw7FAN1q7dsBul7ZvWrFnf7hI6iseztTyerdPMsRwqOJq9+uhE4FJgPMXVRz3A6zLz9cM0Wwac\nDtxZO6ewsoldzQXeDHwsIiZT9DZ+3kyNkqQ9N+w0F3VuAe6lCJEbgP8N3NOgzT3AxohYDnwB+E8R\nMTsiLhimza3AqyLiEeCbwNwmeheSpBZp9pzCK5n51Yh4PbCWYsbUHw3XIDO385tPZ1s1yOtm1P28\nGZjdZE2SpBZrtqewMSIOBhKYVhvzP7C6siRJ7dBsKFxHMZxzH3BuRPwEeKyyqiRJbdFUKGTmt4CT\nM3M98Fbgw8A5VRYmSRp5TYVCREwC5kfEUmAscBEw5HMWJEmjU7PDRzcDPwQOAdZTXCZ6e1VFSZLa\no9lQOCIz5wPbM3NzZv4VdXMWSZI6Q7OhsLX2WM5+gIg4kuJhO5KkDtLsfQqfAb4HvDYi7gWmU9x9\nLEnqIM32FH5EcYfyM8DhwN0UVyFJkjpIsz2FB4AngPpnKnQN8VpJ0ijVbCiQmedXWYgkqf2aDYV7\nI2IesBQoJ6jLzJ9WUpUkqS2aDYWDgMuAX9at6wfe0PKKJElt02wonAX8Vma+UmUxkqT2avbqo/8D\nTKqyEElS+zXbU+gHnoyIHwObd6zMzOGe0SxJGmWaDYUrK61CkrRXaCoUMvOhqguRJLVfs+cUJEn7\nAENBklQyFCRJJUNBklRqeu6jXRUR3cCNwBRgEzAvM1cPeM04YAlwfmauaqaNJKk6VfYUZgFjM3M6\nxRQZ19ZvjIipwMPAbzfbRpJUrSpD4URgEUBmrgCmDti+P/B+YNUutJEkVaiy4SNgIvBi3fK2iOjN\nzK0AmbkMICKabjOYSZPG0dvb07qqO1hf34R2l9BRPJ6t5fFsnT05llWGwjqgvrLu4b7cd7fN2rUb\ndrO8fc+aNevbXUJH8Xi2lsezdZo5lkMFR5XDR8uAmQARMQ1YWVEbSVKLVNlTuAc4KSKWUzy6c05E\nzAbGZ+b8ZttUWJ8kaYDKQiEztwMXDli9apDXzWjQRpI0Qrx5TZJUMhQkSSVDQZJUMhQkSSVDQZJU\nMhQkSSVDQZJUMhQkSSVDQZJUMhQkSSVDQZJUMhQkSSVDQZJUMhQkSSVDQZJUMhQkSSVDQZJUMhQk\nSSVDQZJUMhQkSSVDQZJUMhQkSSVDQZJU6q3qjSOiG7gRmAJsAuZl5uq67acDnwa2Agsy8+ba+seB\ndbWXPZOZc6qqUZK0s8pCAZgFjM3M6RExDbgWOAMgIsYAXwDeBrwMLIuIbwMvAl2ZOaPCuiRJQ6gy\nFE4EFgFk5oqImFq37WhgdWauBYiIR4B3AT8FxkXE4lptl2fmiuF2MmnSOHp7e6qov+P09U1odwkd\nxePZWh7P1tmTY1llKEyk+M1/h20R0ZuZWwfZth44CNgAXAPcAhwJPBgRUWszqLVrN7S88E61Zs36\ndpfQUTyereXxbJ1mjuVQwVFlKKwD6vfaXfflPnDbBOBXwNMUPYh+4OmIeAE4FHi2wjolSTVVXn20\nDJgJUDunsLJu21PAkRFxcETsRzF09ANgLsW5ByJiMkWP4ucV1ihJqlNlT+Ee4KSIWA50AXMiYjYw\nPjPnR8QlwD9QBNOCzPy3iLgVWFg7x9APzB1u6EiS1FqVhUJmbgcuHLB6Vd32+4D7BrTZDMyuqiZJ\n0vC8eU2SVDIUJEklQ0GSVDIUJEklQ0GSVDIUJEklQ0GSVDIUJEklQ0GSVDIUJEklQ0GSVDIUJEkl\nQ0GSVDIUJEklQ0GSVDIUJEklQ0GSVDIUJEklQ0GSVDIUJEklQ0GSVDIUJEml3qreOCK6gRuBKcAm\nYF5mrq7bfjrwaWArsCAzb27URpJUrSp7CrOAsZk5HbgMuHbHhogYA3wBOBl4N3BBRLx6uDaSpOpV\nGQonAosAMnMFMLVu29HA6sxcm5mbgUeAdzVoI0mqWGXDR8BE4MW65W0R0ZuZWwfZth44qEGbQfX1\nTegaroivX332LheuoS2cc327S+goM//uq+0uoWNcfuUftbuEjlBlT2EdMKF+X3Vf7gO3TQB+1aCN\nJKliVYbCMmAmQERMA1bWbXsKODIiDo6I/SiGjn7QoI0kqWJd/f39lbxx3ZVExwJdwBzgeGB8Zs6v\nu/qom+LqoxsGa5OZqyopUJL0GyoLBUnS6OPNa5KkkqEgSSoZCpKkUpX3KezznLajGhHxduBvMnNG\nu2sZzWozCywAXg/sD1yRmd9ua1GjVET0ADcDAfQDF2bmj9tb1e6xp1Atp+1osYj4C+AWYGy7a+kA\nHwZeyMx3AqcAX25zPaPZ6QCZ+XvAXwNXtrec3WcoVMtpO1rvn4Ez211Eh/gW8Knaz10Uk1NqN2Tm\nvcAFtcXXUdyMOyoZCtUadNqOdhXTCTLzLmBLu+voBJn5Umauj4gJwN9T/Iar3ZSZWyPiNuBLwB3t\nrmd3GQrVctoO7dUi4rXAd4GvZebX213PaJeZHwGOAm6OiAPbXc/uMBSq5bQd2mvVpqtfDHwyMxe0\nu57RLCLOiYi/rC1uALbX/ow6DmVU6x7gpIhYzq+n+pD2FpcDk4BPRcSOcwunZuYrbaxptLob+GpE\nPAyMAS4ercfRaS4kSSWHjyRJJUNBklQyFCRJJUNBklQyFCRJJS9J1T4rImYAn23lxHoRcR4wIzPP\ni4jvAYcBL1H8W9sEfCozH2jV/qRWs6cgVWteZh6Xmb8L/AfgaxFxTLuLkoZiT0EaICIuAz4A9AD/\nQHHHb39EXAm8BzgY+CVwZmb+IiLOoZg3aB3wrxQ9g9+QmY9FxDeBecAlEfFHwCeAA2p/5gE/A5YC\nr8/M7RHxbooZdj9KMZ/OgRR3yv5ZbZJFqaXsKUh1IuIU4K3A24C3AK8Bzo6I3wHeCLwjM48CVtfW\nTwauBt4FTGfnua4G82PgjbVnbVwInJaZU4DPA5fWnrfxDDCj9vqPAAuB84H7M3Mq8BcUM/BKLWco\nSDv7A+DtwI+AxymmO39T7cv6E8C8iLiWIgDGA+8Almfm87XJDm9v8P79wCuZuR14P/DeiPgccF7t\n/aB48M05ETGOomdyL/A/gD+PiK9TBJXPPlAlDAVpZz3A39bOAxxHERBXRsRbKSaP66aYZvoeivms\n+tn531GjWXCPBZ6MiPHAD4EjgIeBL9beD4rnHJwE/CHwQGZuysxlwDEUw1kfBO7b0w8qDcZQkHa2\nlOK39PG1Z1/cS/Hl/G7ge5n5FeBJ4GSKAHkEmBYRr6kNCX1wqDeOiBNq73UrxfTK24Gravs8tfZ+\nZOYG4MHatoW1tlcD52TmbcB/BI5v7ceWCp5o1r7unRFRf2L4duAu4FGKL+lFwG3AZODuiHiC4iE/\nTwBHZObzEXERxfDOyxSBUe+W2vv317Z/MDP/JSKeBf4JWEUx1fJDFE/s2uGbwO9l5qO15S8BX69d\n8roN+JNWfHhpIGdJlfYytYfAXwU8n5nXtbse7VvsKUh7n8coLnl9X7sL0b7HnoIkqeSJZklSyVCQ\nJJUMBUlSyVCQJJUMBUlS6f8DfCg1UTve2CUAAAAASUVORK5CYII=\n",
      "text/plain": [
       "<matplotlib.figure.Figure at 0x22a14c20208>"
      ]
     },
     "metadata": {},
     "output_type": "display_data"
    }
   ],
   "source": [
    "sns.barplot(x='LeadDays',y='NoShow',data=df)"
   ]
  },
  {
   "cell_type": "code",
   "execution_count": 20,
   "metadata": {},
   "outputs": [
    {
     "data": {
      "text/plain": [
       "RandomForestClassifier(bootstrap=True, class_weight=None, criterion='gini',\n",
       "            max_depth=10, max_features='auto', max_leaf_nodes=None,\n",
       "            min_impurity_split=1e-07, min_samples_leaf=5,\n",
       "            min_samples_split=3, min_weight_fraction_leaf=0.0,\n",
       "            n_estimators=9, n_jobs=1, oob_score=False, random_state=None,\n",
       "            verbose=0, warm_start=False)"
      ]
     },
     "execution_count": 20,
     "metadata": {},
     "output_type": "execute_result"
    }
   ],
   "source": [
    "from sklearn.model_selection import train_test_split\n",
    "\n",
    "x_all = df.drop(['NoShow','csn'],axis=1)\n",
    "y_all = df['NoShow']\n",
    "\n",
    "num_test = 0.20\n",
    "\n",
    "x_train, x_test, y_train, y_test = train_test_split(x_all, y_all,\n",
    "test_size = num_test, random_state = 23)\n",
    "\n",
    "from sklearn.ensemble import RandomForestClassifier\n",
    "from sklearn.metrics import make_scorer, accuracy_score\n",
    "from sklearn.model_selection import GridSearchCV\n",
    "\n",
    "clf = RandomForestClassifier()\n",
    "\n",
    "parameters = {'n_estimators': [4, 6, 9], \n",
    "              'max_features': ['log2', 'sqrt','auto'], \n",
    "              'criterion': ['entropy', 'gini'],\n",
    "              'max_depth': [2, 3, 5, 10], \n",
    "              'min_samples_split': [2, 3, 5],\n",
    "              'min_samples_leaf': [1,5,8]\n",
    "             }\n",
    "\n",
    "acc_scorer = make_scorer(accuracy_score)\n",
    "\n",
    "grid_obj = GridSearchCV(clf, parameters, scoring = acc_scorer)\n",
    "grid_obj = grid_obj.fit(x_train, y_train)\n",
    "\n",
    "clf = grid_obj.best_estimator_\n",
    "\n",
    "clf.fit(x_train, y_train)"
   ]
  },
  {
   "cell_type": "code",
   "execution_count": 21,
   "metadata": {
    "collapsed": true
   },
   "outputs": [],
   "source": [
    "prob = clf.predict_proba(x_test)"
   ]
  },
  {
   "cell_type": "code",
   "execution_count": 22,
   "metadata": {},
   "outputs": [
    {
     "name": "stdout",
     "output_type": "stream",
     "text": [
      "0.807982048405\n"
     ]
    }
   ],
   "source": [
    "predictions = clf.predict(x_test)\n",
    "print(accuracy_score(y_test,predictions))"
   ]
  },
  {
   "cell_type": "code",
   "execution_count": 23,
   "metadata": {
    "scrolled": true
   },
   "outputs": [
    {
     "name": "stderr",
     "output_type": "stream",
     "text": [
      "C:\\Users\\david\\Anaconda3\\lib\\site-packages\\sklearn\\cross_validation.py:44: DeprecationWarning: This module was deprecated in version 0.18 in favor of the model_selection module into which all the refactored classes and functions are moved. Also note that the interface of the new CV iterators are different from that of this module. This module will be removed in 0.20.\n",
      "  \"This module will be removed in 0.20.\", DeprecationWarning)\n"
     ]
    }
   ],
   "source": [
    "from sklearn.cross_validation import KFold\n",
    "\n",
    "def run_kfold(clf):\n",
    "    kf = KFold(891, n_folds=10)\n",
    "    outcomes = []\n",
    "    fold = 0\n",
    "    for train_index, test_index in kf:\n",
    "        fold += 1\n",
    "        x_train, x_test = x_all.values[train_index], x_all.values[test_index]\n",
    "        y_train, y_test = y_all.values[train_index], y_all.values[test_index]\n",
    "        clf.fit(x_train, y_train)\n",
    "        predictions = clf.predict(x_test)\n",
    "        accuracy = accuracy_score(y_test, predictions)\n",
    "        outcomes.append(accuracy)\n",
    "        print(\"Fold {0} accuracy: {1}\".format(fold, accuracy))\n",
    "    mean_outcome = np.mean(outcomes)\n",
    "    print(\"Mean Accuracy: {0}\".format(mean_outcome))\n",
    "    \n",
    "#run_kfold(clf)"
   ]
  },
  {
   "cell_type": "code",
   "execution_count": 24,
   "metadata": {
    "collapsed": true
   },
   "outputs": [],
   "source": [
    "#y_test.head()"
   ]
  },
  {
   "cell_type": "code",
   "execution_count": 25,
   "metadata": {},
   "outputs": [
    {
     "data": {
      "text/plain": [
       "array([0, 0, 1, ..., 0, 0, 0], dtype=int64)"
      ]
     },
     "execution_count": 25,
     "metadata": {},
     "output_type": "execute_result"
    }
   ],
   "source": [
    "predictions"
   ]
  },
  {
   "cell_type": "code",
   "execution_count": 26,
   "metadata": {
    "collapsed": true
   },
   "outputs": [],
   "source": [
    "prob2 = np.array([i[1] for i in prob])"
   ]
  },
  {
   "cell_type": "code",
   "execution_count": 27,
   "metadata": {
    "collapsed": true,
    "scrolled": true
   },
   "outputs": [],
   "source": [
    "#ids = test['csn']\n",
    "ids = y_test\n",
    "\n",
    "predictions = clf.predict(x_test)\n",
    "\n",
    "output = pd.DataFrame({'Label' : ids, 'Prediction': predictions, 'Probability': prob2 }).join(df['csn'])\n",
    "\n",
    "output.to_csv('predictions.csv', index = False)\n",
    "df.to_csv('df.csv', index=False)\n",
    "#output"
   ]
  }
 ],
 "metadata": {
  "kernelspec": {
   "display_name": "Python 3",
   "language": "python",
   "name": "python3"
  },
  "language_info": {
   "codemirror_mode": {
    "name": "ipython",
    "version": 3
   },
   "file_extension": ".py",
   "mimetype": "text/x-python",
   "name": "python",
   "nbconvert_exporter": "python",
   "pygments_lexer": "ipython3",
   "version": "3.6.1"
  }
 },
 "nbformat": 4,
 "nbformat_minor": 2
}
